0.02
0.0
0.0
0.02
0.06
0.04
0.0
0.02
0.1
0.18
0.1
0.14
0.22
0.36
0.26
0.22
0.28
0.3
0.26
0.44
0.38
0.48
0.5
0.38
0.48
0.4
0.52
0.58
0.42
0.48
0.5
0.5
0.54
0.48
0.38
0.52
0.5
0.46
0.42
0.54
0.52
0.52
0.52
0.5
0.62
0.44
0.58
0.6
0.48
0.44
0.52
0.44
0.44
0.54
0.46
0.5
0.58
0.52
0.52
0.5
0.54
0.52
0.54
0.48
0.58
0.56
0.52
0.48
0.54
0.58
0.68
0.46
0.52
0.5
0.52
0.6
0.54
0.7
0.64
0.64
0.58
0.64
0.54
0.64
0.56
0.48
0.54
0.48
0.66
0.7
0.6
0.74
0.58
0.56
0.66
0.6
0.56
0.74
0.64
0.6
0.58
0.44
0.7
0.62
0.6
0.62
0.52
0.68
0.76
0.58
0.62
0.6
0.48
0.6
0.56
0.56
0.62
0.72
0.58
0.56
0.52
0.54
0.62
0.6
0.68
0.62
0.58
0.62
0.6
0.7
0.74
0.64
0.52
0.7
0.68
0.72
0.74
0.62
0.6
0.52
0.64
0.62
0.64
0.6
0.58
0.76
0.68
0.64
0.66
0.66
0.54
0.62
0.52
0.68
0.66
0.64
0.7
0.64
0.68
0.54
0.66
0.62
0.72
0.58
0.58
0.7
0.74
0.6
0.64
0.66
0.7
0.66
0.76
0.64
0.7
0.7
0.6
0.56
0.64
0.68
0.7
0.58
0.7
0.54
0.74
0.68
0.52
0.58
0.68
0.48
0.64
0.64
0.58
0.5
0.6
0.58
0.56
0.72
0.7
0.72
0.62
0.64
0.78
0.64
