0.0
0.0
0.0
0.0
0.0
0.0
0.02
0.04
0.0
0.02
0.02
0.02
0.0
0.06
0.02
0.02
0.0
0.02
0.04
0.12
0.14
0.16
0.12
0.22
0.12
0.22
0.16
0.32
0.32
0.18
0.22
0.2
0.24
0.34
0.28
0.2
0.24
0.52
0.44
0.2
0.34
0.4
0.32
0.38
0.46
0.46
0.46
0.38
0.42
0.38
0.32
0.48
0.52
0.58
0.42
0.36
0.46
0.56
0.34
0.4
0.5
0.62
0.5
0.46
0.38
0.58
0.54
0.52
0.5
0.52
0.6
0.62
0.46
0.6
0.52
0.58
0.5
0.64
0.54
0.48
0.54
0.42
0.64
0.6
0.48
0.58
0.64
0.46
0.42
0.54
0.56
0.56
0.52
0.54
0.64
0.54
0.58
0.64
0.64
0.72
0.62
0.52
0.62
0.6
0.66
0.72
0.56
0.66
0.62
0.66
0.72
0.78
0.64
0.64
0.56
0.5
0.7
0.74
0.58
0.6
0.66
0.6
0.64
0.58
0.64
0.62
0.64
0.56
0.52
0.66
0.56
0.68
0.64
0.68
0.66
0.66
0.72
0.6
0.7
0.7
0.62
0.68
0.74
0.6
0.74
0.74
0.6
0.62
0.56
0.52
0.78
0.66
0.56
0.7
0.7
0.58
0.72
0.5
0.7
0.64
0.54
0.74
0.62
0.66
0.82
0.56
0.64
0.64
0.68
0.78
0.6
0.58
0.66
0.62
0.68
0.76
0.7
0.66
0.62
0.68
0.66
0.64
0.76
0.62
0.62
0.58
0.62
0.6
0.64
0.66
0.68
0.62
0.56
0.66
0.7
0.56
0.56
0.72
0.48
0.62
0.62
0.74
0.62
0.52
