0.0
0.0
0.04
0.02
0.1
0.14
0.2
0.2
0.44
0.34
0.4
0.42
0.54
0.58
0.68
0.6
0.74
0.66
0.6
0.6
0.7
0.68
0.74
0.74
0.72
0.74
0.78
0.82
0.76
0.82
0.86
0.78
0.8
0.72
0.8
0.82
0.82
0.86
0.78
0.86
0.84
0.8
0.82
0.82
0.8
0.84
0.82
0.84
0.8
0.76
0.88
0.84
0.8
0.84
0.86
0.8
0.78
0.9
0.86
0.82
0.86
0.78
0.84
0.82
0.86
0.86
0.88
0.9
0.84
0.86
0.9
0.88
0.84
0.92
0.84
0.92
0.92
0.84
0.92
0.86
0.9
0.9
0.9
0.88
0.9
0.92
0.84
0.88
0.88
0.84
0.8
0.86
0.88
0.92
0.9
0.9
0.96
0.88
0.86
0.84
0.92
0.92
0.92
0.94
0.88
0.8
0.9
0.84
0.8
0.86
0.86
0.88
0.88
0.8
0.9
0.96
0.82
0.74
0.9
0.9
0.9
0.94
0.96
0.88
0.74
0.84
0.9
0.84
0.86
0.92
0.92
0.88
0.92
0.9
0.94
0.9
0.92
0.92
0.84
0.92
0.88
0.92
0.88
0.94
0.96
0.9
0.88
0.88
0.88
0.92
0.92
0.9
0.88
0.84
0.94
0.88
0.9
0.88
0.94
0.8
0.96
0.92
0.88
0.9
0.92
0.92
0.9
0.9
0.86
0.94
0.88
0.92
0.94
0.86
0.92
0.9
0.92
0.9
0.88
0.92
0.9
0.94
0.9
0.92
0.9
0.86
0.94
0.9
0.92
0.94
0.88
0.88
0.94
0.94
0.88
0.9
0.82
0.88
0.86
0.88
0.9
0.92
0.86
0.94
