0.0
0.02
0.02
0.12
0.08
0.08
0.1
0.26
0.16
0.34
0.26
0.3
0.28
0.4
0.32
0.36
0.34
0.44
0.4
0.44
0.28
0.4
0.34
0.32
0.42
0.56
0.42
0.44
0.46
0.54
0.56
0.66
0.5
0.5
0.54
0.58
0.6
0.56
0.56
0.56
0.44
0.5
0.48
0.56
0.44
0.6
0.48
0.54
0.54
0.56
0.54
0.5
0.52
0.62
0.62
0.5
0.64
0.68
0.56
0.5
0.52
0.56
0.64
0.54
0.54
0.42
0.44
0.5
0.58
0.5
0.58
0.52
0.4
0.58
0.64
0.64
0.42
0.52
0.66
0.62
0.62
0.54
0.52
0.54
0.56
0.56
0.58
0.6
0.6
0.62
0.46
0.56
0.68
0.6
0.54
0.62
0.66
0.76
0.6
0.74
0.58
0.62
0.72
0.62
0.72
0.66
0.64
0.74
0.62
0.66
0.6
0.62
0.74
0.54
0.68
0.64
0.52
0.58
0.5
0.7
0.64
0.46
0.6
0.72
0.5
0.52
0.62
0.52
0.46
0.54
0.66
0.54
0.68
0.66
0.6
0.6
0.56
0.72
0.62
0.56
0.68
0.64
0.58
0.68
0.6
0.6
0.74
0.62
0.56
0.68
0.74
0.66
0.64
0.5
0.74
0.62
0.64
0.68
0.64
0.66
0.5
0.76
0.52
0.6
0.68
0.64
0.6
0.62
0.6
0.7
0.62
0.62
0.74
0.76
0.7
0.6
0.66
0.76
0.64
0.66
0.54
0.64
0.68
0.62
0.58
0.66
0.82
0.7
0.58
0.62
0.52
0.58
0.68
0.64
0.6
0.7
0.72
0.62
0.58
0.62
0.62
0.58
0.64
0.64
