0.0
0.02
0.02
0.0
0.0
0.04
0.06
0.06
0.18
0.18
0.24
0.22
0.2
0.22
0.34
0.42
0.36
0.46
0.42
0.38
0.46
0.32
0.58
0.36
0.48
0.5
0.38
0.42
0.58
0.4
0.44
0.46
0.64
0.46
0.4
0.46
0.48
0.56
0.5
0.46
0.48
0.34
0.4
0.56
0.48
0.4
0.48
0.42
0.6
0.44
0.46
0.42
0.66
0.4
0.62
0.52
0.44
0.58
0.48
0.64
0.58
0.58
0.54
0.58
0.48
0.42
0.5
0.48
0.6
0.52
0.34
0.42
0.52
0.52
0.48
0.46
0.58
0.66
0.52
0.44
0.64
0.54
0.46
0.5
0.52
0.52
0.32
0.36
0.56
0.46
0.52
0.48
0.5
0.52
0.52
0.52
0.62
0.56
0.42
0.4
0.46
0.44
0.5
0.48
0.46
0.44
0.48
0.6
0.56
0.54
0.6
0.54
0.54
0.52
0.6
0.56
0.64
0.6
0.54
0.54
0.56
0.58
0.56
0.56
0.52
0.6
0.58
0.62
0.44
0.62
0.6
0.56
0.54
0.58
0.54
0.58
0.54
0.58
0.54
0.6
0.68
0.54
0.56
0.62
0.58
0.52
0.54
0.6
0.54
0.56
0.68
0.58
0.58
0.52
0.5
0.56
0.62
0.62
0.62
0.46
0.7
0.54
0.66
0.8
0.64
0.66
0.56
0.56
0.7
0.62
0.54
0.52
0.62
0.66
0.62
0.7
0.52
0.58
0.7
0.62
0.5
0.6
0.48
0.6
0.74
0.52
0.6
0.62
0.58
0.64
0.66
0.6
0.62
0.64
0.62
0.48
0.6
0.68
0.62
0.64
0.54
0.66
0.62
